1 3 5 7 9
1 2 3 6 9
1 2 3 6 9
1 2 3 6 9
1 2 3 6 9
1 2 3 6 9
1 2 3 6 9
1 2 3 6 9
1 2 3 6 9
1 2 3 6 9
1 2 3 6 9
1 2 3 6 9
1 2 3 6 9
1 2 3 6 9
1 2 3 6 9
1 3 5 6 9
3 4 6 7 9
4 6 7 8 9
4 6 7 8 9
4 6 7 8 9
4 6 7 8 9
4 6 7 8 9
4 6 7 8 9
4 6 7 8 9
4 6 7 8 9
4 6 7 8 9
4 6 7 8 9
4 6 7 8 9
4 6 7 8 9
4 6 7 8 9
4 6 7 8 9
4 6 7 8 9
3 4 6 7 8 9
3 5 8 10
3 5 8 10
3 5 8 10
3 5 8 10
3 5 8 10
3 5 8 10
3 5 8 10
3 5 8 10
3 5 8 10
3 5 8 10
3 5 8 10
3 5 8 10
3 5 8 10
3 5 6 8 10
2 4 6 8 9
3 5 7 9
1 2 5 8 9
1 3 4 7 9
1 3 10
2 3 4 7 9
3 4 7 8 9
2 5 6 7 9
1 3 5 7 9
1 3 5 7 9
1 3 5 7 9
1 3 5 7 9
1 3 5 7 9
1 3 5 7 9
1 3 5 7 9
1 3 5 7 9
1 3 5 7 9
1 3 5 7 9
1 3 5 7 9
1 3 5 7 9
1 3 5 7 9
1 3 5 7 9
1 3 5 7 9
1 3 5 7 9
1 3 5 7 9
1 3 5 7 9
1 3 5 7 9
1 3 5 7 9
1 3 5 7 9
1 3 5 7 9
1 3 5 7 9
1 3 5 7 9
1 3 5 7 9
1 3 5 7 9
1 3 5 7 9
1 3 5 7 9
1 3 5 7 9
1 3 5 7 9
1 3 5 7 9
1 3 5 7 9
1 3 5 7 9
1 3 5 7 9
1 2 5 6 9
1 3 5 7 9
1 3 5 7 9
1 3 5 7 9
1 3 5 7 9
1 3 5 7 9
1 3 5 7 9
1 3 5 7 9
1 3 5 7 9
1 3 5 7 9
1 3 5 7 9
1 3 5 7 9
1 3 5 7 9
1 3 5 7 9
1 3 5 7 9
1 3 5 7 9
1 3 5 7 9
1 3 5 7 9
1 3 5 7 9
1 3 5 8 9
2 3 5 8 9 
2 3 5 7 6
3 5 6 6 7
4 5 6 7 8
5 6 7 8 9
5 6 7 8 9
5 6 7 8 9
5 6 7 8 9
5 6 7 8 9
5 6 7 8 9
5 6 7 8 9
5 6 7 8 9
5 6 7 8 9
5 6 7 8 9
5 6 7 8 9
5 6 7 8 9
5 6 7 8 9
5 6 7 8 9
5 6 7 8 9
5 6 7 8 9
5 6 7 8 9
5 6 7 8 9
5 6 7 8 9
5 6 7 8 9
5 6 7 8 9
5 6 7 8 9
5 6 7 8 9
5 6 7 8 9
5 6 7 8 9
5 6 7 8 9
5 6 7 8 9
3 5 7 8 9
4 6 7 8 9
3 6 7 8 9
2 3 4 5 6
1 3 4 6 7
1 3 4 6 7
1 3 4 6 7
1 3 4 6 7
1 3 4 6 7
1 3 4 6 7
1 3 4 6 7
1 3 4 6 7
1 3 4 6 7
1 3 4 6 7
1 3 4 6 7
1 3 4 6 7
1 3 4 6 7
1 3 4 6 7
1 3 4 6 7
1 3 4 6 7
1 3 4 6 7
1 3 4 6 7
1 3 4 6 7
1 3 4 6 7
1 3 4 6 7
1 3 4 6 7
1 3 4 6 7
1 3 4 6 7
1 3 4 6 7
1 3 4 6 7
1 3 4 6 7
1 3 4 6 7
1 3 4 6 7
1 3 4 6 7
1 3 4 6 7
1 3 4 6 7
1 3 4 6 7
1 3 4 6 7
1 3 4 6 7
1 3 4 6 7
1 3 4 6 7
1 3 4 6 7
1 3 4 6 7
1 3 4 6 7
1 3 4 6 7
1 3 4 6 7
1 3 4 6 7
1 3 4 6 7
1 3 4 6 9
1 3 4 6 8
3 4 6 7 8
3 5 8 10
3 5 8 10
3 5 8 10
3 5 8 10
3 5 8 10
3 5 8 10
3 5 8 10
3 5 8 10
3 5 8 10
3 5 8 10
3 5 8 10
3 5 8 10
3 5 8 10
3 5 8 10
3 5 8 10
3 5 8 10
4 5 8 10
3 5 8 10
3 5 8 10
3 5 8 10
3 5 8 10
3 5 8 10
3 5 8 10
3 5 8 10
3 5 8 10
3 5 8 10
3 5 8 10
3 5 8 10
3 5 8 10
3 5 8 10
3 5 8 10
3 5 9 10
3 5 8 9
1 4 5 8 9
1 4 5 8 9
1 4 5 8 9
1 4 5 8 9
1 4 5 8 9
1 4 5 8 9
1 4 5 8 9
1 4 5 8 9
1 4 5 8 9
1 4 5 8 9
1 4 5 8 10
1 4 5 7 9
1 4 5 7 9
1 4 5 7 9
1 4 5 7 9
1 4 5 7 9
1 4 5 7 9
1 4 5 7 9
1 4 5 7 9
1 4 5 7 9
1 4 5 7 9
1 4 5 7 9
1 4 5 7 9
1 4 5 7 9
1 4 5 7 9
1 4 5 7 9
1 4 5 7 9
1 4 5 7 9
1 4 5 8 9
1 4 5 8 9
1 4 5 8 9
1 4 5 8 9
1 4 5 8 11
1 4 5 8 9
1 4 5 8 9
1 4 5 8 9
1 4 5 8 9
1 4 5 8 9
1 4 5 8 9
1 4 5 8 9
1 4 5 8 9
1 4 5 8 9
1 4 5 8 9
1 4 5 8 9
1 4 5 8 9
1 4 5 8 9
1 4 5 8 9
1 4 5 8 12
1 4 5 7 9
1 4 5 7 9
1 4 5 7 9
1 4 5 7 9
1 4 5 7 9
1 4 5 7 9
1 4 5 7 9
1 4 5 7 9
1 4 5 7 9
1 4 5 7 9
1 4 5 7 9
1 4 5 7 9
1 4 5 7 9
1 4 5 7 9
1 4 5 7 9
1 4 5 7 9
1 4 5 7 9
1 4 5 7 9
1 4 5 7 9
1 4 5 7 9
1 4 5 8 13
2 4 5 9 10
2 4 5 9 10
2 4 5 9 10
2 4 5 9 10
2 4 5 9 10
2 4 5 9 10
2 4 5 9 10
2 4 5 9 10
2 4 5 9 10
2 4 5 9 10
2 4 5 9 10
2 4 5 9 10
2 4 5 9 10
2 4 5 9 10
2 4 5 9 10
2 4 5 9 10
2 4 5 9 10
2 4 5 9 10
2 4 5 9 10
2 4 5 9 11
2 4 5 8 11
2 4 5 8 11
2 4 5 8 11
2 4 5 8 11
2 4 5 8 11
2 4 5 8 11
2 4 5 8 11
